NAVSTAR 43 (USA 132)    
1 24876U 97035A   23261.05819055  .00000035  00000+0  00000+0 0  9994
2 24876  55.5901 137.8086 0073166  52.6462 308.1163  2.00564182191837
NAVSTAR 47 (USA 150)    
1 26360U 00025A   23261.42439510 -.00000022  00000+0  00000+0 0  9999
2 26360  54.4450  60.0257 0041621 199.9517 154.5537  2.00569835171159
NAVSTAR 51 (USA 166)    
1 27663U 03005A   23262.99968545  .00000054  00000+0  00000+0 0  9999
2 27663  55.2386 254.7868 0132359  44.7380 346.7095  2.00565101151229
NAVSTAR 52 (USA 168)    
1 27704U 03010A   23262.67683477 -.00000080  00000+0  00000+0 0  9994
2 27704  55.1154   4.7525 0249097 319.0902  58.0235  2.00575656150017
NAVSTAR 54 (USA 177)    
1 28190U 04009A   23261.70015802 -.00000038  00000+0  00000+0 0  9990
2 28190  55.6792 315.8986 0092736 139.3545 190.1912  2.00566919142832
NAVSTAR 56 (USA 180)    
1 28474U 04045A   23262.14449178 -.00000080  00000+0  00000+0 0  9998
2 28474  55.4428   5.1004 0162362 282.6916  62.8202  2.00555234138322
ANIK F1R                
1 28868U 05036A   23263.08546436 -.00000067  00000+0  00000+0 0  9990
2 28868   1.7260  88.8094 0002192  55.4813 137.9030  1.00272172 66116
NAVSTAR 57 (USA 183)    
1 28874U 05038A   23261.71021674 -.00000034  00000+0  00000+0 0  9993
2 28874  55.7304 313.3505 0139887 279.7380  78.9998  2.00574544131733
INMARSAT 4-F2           
1 28899U 05044A   23262.71021524  .00000018  00000+0  00000+0 0  9993
2 28899   3.8706  40.7495 0002661 145.4039 131.7949  1.00273337 65452
NAVSTAR 58 (USA 190)    
1 29486U 06042A   23262.87467873  .00000032  00000+0  00000+0 0  9999
2 29486  54.6832 191.0402 0103485  32.6013 348.3946  2.00568876124468
NAVSTAR 59 (USA 192)    
1 29601U 06052A   23261.27100717  .00000041  00000+0  00000+0 0  9993
2 29601  55.2608 253.8158 0083393  79.4161 281.5199  2.00550348123291
NAVSTAR 60 (USA 196)    
1 32260U 07047A   23262.58276729  .00000027  00000+0  00000+0 0  9999
2 32260  53.4714 121.5087 0151903  71.0198 290.7153  2.00550732116748
COSMOS 2433             
1 32275U 07052A   23262.04877566 -.00000059  00000+0  00000+0 0  9994
2 32275  66.0177 349.4469 0004187 224.6618 135.3579  2.13104157123740
COSMOS 2432             
1 32276U 07052B   23263.10179622 -.00000059  00000+0  00000+0 0  9991
2 32276  66.0319 349.5209 0008608 316.5115  78.3633  2.13103242123760
NAVSTAR 61 (USA 199)    
1 32384U 07062A   23262.41155691 -.00000033  00000+0  00000+0 0  9997
2 32384  55.8621 314.1460 0024741 151.2111 215.7881  2.00559542115481
COSMOS 2434             
1 32393U 07065A   23262.43048323  .00000063  00000+0  00000+0 0  9997
2 32393  64.3359 225.7927 0000621  69.3231 114.7525  2.13103073122458
COSMOS 2436             
1 32395U 07065C   23262.15100800  .00000061  00000+0  00000+0 0  9995
2 32395  64.3446 225.8639 0015898 354.0366 111.1345  2.13102762122380
NAVSTAR 62 (USA 201)    
1 32711U 08012A   23261.49921598  .00000031  00000+0  00000+0 0  9998
2 32711  54.4509 189.9224 0177620 235.9470 122.3692  2.00557702113649
NAVSTAR 64 (USA 206)    
1 35752U 09043A   23261.46891843 -.00000008  00000+0  00000+0 0  9992
2 35752  55.4462  67.1530 0058173  69.4423 285.3570  2.00557188103240
COSMOS 2456             
1 36111U 09070A   23262.22080564  .00000048  00000+0  00000+0 0  9990
2 36111  64.4964 105.2951 0001756 338.6690 203.5151  2.13099201107118
COSMOS 2457             
1 36112U 09070B   23261.88770906  .00000048  00000+0  00000+0 0  9998
2 36112  64.4802 105.1714 0006096 146.7361 270.8109  2.13101384107072
COSMOS 2460             
1 36402U 10007C   23262.79781738 -.00000059  00000+0  00000+0 0  9991
2 36402  65.8797 348.1349 0001600 197.2673 187.0554  2.13106300105487
NAVSTAR 65 (USA 213)    
1 36585U 10022A   23262.41631848  .00000051  00000+0  00000+0 0  9996
2 36585  54.5599 248.9776 0109693  59.6594  16.0137  2.00562733 97490
BEIDOU-2 IGSO-1         
1 36828U 10036A   23262.30560215 -.00000109  00000+0  00000+0 0  9993
2 36828  54.2345 172.0378 0036555 188.0288 213.7884  1.00249189 48187
QZS-1 (MICHIBIKI-1)     
1 37158U 10045A   23261.37410779  .00000016  00000+0  00000+0 0  9991
2 37158  42.8869 127.5128 0002875  96.4671 215.0974  0.87715623 47608
BEIDOU-2 G4             
1 37210U 10057A   23263.03760369 -.00000104  00000+0  00000+0 0  9990
2 37210   1.2091  61.5144 0006344 153.9431 316.7006  1.00273319 47248
BEIDOU-2 IGSO-2         
1 37256U 10068A   23262.39472012 -.00000172  00000+0  00000+0 0  9990
2 37256  49.3834 284.1231 0032273 213.5169 110.8651  1.00279204 46749
BEIDOU-2 IGSO-3         
1 37384U 11013A   23262.29517624 -.00000162  00000+0  00000+0 0  9990
2 37384  60.9617  49.7518 0028399 175.4734 347.2170  1.00278035 45629
GSAT-8                  
1 37605U 11022A   23262.38382812  .00000092  00000+0  00000+0 0  9996
2 37605   0.0353  91.6237 0005558 153.9206 305.7486  1.00271654 45199
NAVSTAR 66 (USA 232)    
1 37753U 11036A   23262.19142740 -.00000076  00000+0  00000+0 0  9991
2 37753  56.7457  10.8922 0126981  56.3719 303.1186  2.00568718 89175
BEIDOU-2 IGSO-4         
1 37763U 11038A   23262.69945748 -.00000062  00000+0  00000+0 0  9993
2 37763  54.5082 174.5777 0111854 227.9323 303.1366  1.00270975 44593
GSAT0101 (GALILEO-PFM)  
1 37846U 11060A   23256.68209446 -.00000097  00000+0  00000+0 0  9998
2 37846  57.1105   9.0469 0001286  75.2562 284.7638  1.70476094 73940
GSAT0102 (GALILEO-FM2)  
1 37847U 11060B   23262.59751560 -.00000079  00000+0  00000+0 0  9995
2 37847  57.1117   8.8871 0001306 321.5110 115.1776  1.70475346 74172
COSMOS 2476             
1 37867U 11064A   23262.63635542  .00000048  00000+0  00000+0 0  9992
2 37867  64.7760 106.8138 0021199 231.3146 179.1021  2.13101740 92474
COSMOS 2477             
1 37868U 11064B   23263.04146528  .00000048  00000+0  00000+0 0  9990
2 37868  64.7835 106.8697 0018413 231.5001 307.5813  2.13101624 92438
COSMOS 2475             
1 37869U 11064C   23261.70071014  .00000049  00000+0  00000+0 0  9990
2 37869  64.7901 106.9276 0022459 250.0471 298.9506  2.13101998 92402
BEIDOU-2 IGSO-5         
1 37948U 11073A   23262.42088560 -.00000123  00000+0  00000+0 0  9996
2 37948  49.5088 283.7915 0095056 220.8190 100.7922  1.00269233 43351
LUCH-5A                 
1 37951U 11074B   23262.45143529 -.00000038  00000+0  00000+0 0  9996
2 37951   6.1789  89.4305 0004445  74.1782 164.0274  1.00269720 43146
BEIDOU-2 G5             
1 38091U 12008A   23262.04365260  .00000063  00000+0  00000+0 0  9990
2 38091   1.7423  68.6199 0003550 174.2240 189.4052  1.00277415 42431
BEIDOU-2 M3             
1 38250U 12018A   23262.77013561 -.00000072  00000+0  00000+0 0  9993
2 38250  56.5025 338.3636 0024016 256.1039 103.6910  1.86231155 77639
BEIDOU-2 M4             
1 38251U 12018B   23262.16455684 -.00000072  00000+0  00000+0 0  9993
2 38251  56.4134 337.6756 0014878 255.9880 103.9098  1.86231874 77639
SES-5                   
1 38652U 12036A   23263.17945635  .00000041  00000+0  00000+0 0  9995
2 38652   0.0543 306.5821 0002023 227.7774 254.0537  1.00272035 41030
BEIDOU-2 M6             
1 38775U 12050B   23262.41137694  .00000027  00000+0  00000+0 0  9995
2 38775  55.7024  96.2617 0011246 340.2422  19.7846  1.86231247 75008
GSAT-10                 
1 38779U 12051B   23263.12338343 -.00000158  00000+0  00000+0 0  9999
2 38779   0.0193 237.1021 0002157   6.8446 242.2566  1.00272591 40253
NAVSTAR 67 (USA 239)    
1 38833U 12053A   23261.17718299  .00000028  00000+0  00000+0 0  9992
2 38833  53.5118 184.6276 0142906  52.2087 309.0968  2.00567456 79321
GSAT0103 (GALILEO-FM3)  
1 38857U 12055A   23262.00058900  .00000040  00000+0  00000+0 0  9993
2 38857  55.2873 129.0895 0002457 260.1578  99.9217  1.70473722 68064
GSAT0104 (GALILEO-FM4)  
1 38858U 12055B   23260.79686480  .00000039  00000+0  00000+0 0  9996
2 38858  55.2871 129.1243 0000501 151.8323 208.2816  1.70474004 68012
BEIDOU-2 G6             
1 38953U 12059A   23262.04869991 -.00000168  00000+0  00000+0 0  9990
2 38953   1.8604  81.8625 0007402 311.7832  65.6030  1.00274709 40001
LUCH-5B                 
1 38977U 12061A   23263.17527925 -.00000126  00000+0  00000+0 0  9996
2 38977   8.2888  58.9830 0005743 113.7902 232.8815  1.00272334 40134
COSMOS 2485             
1 39155U 13019A   23262.51263545  .00000049  00000+0  00000+0 0  9994
2 39155  64.9362 107.3450 0021727 227.2496 132.6482  2.13101920 80931
NAVSTAR 68 (USA 242)    
1 39166U 13023A   23263.03403243 -.00000024  00000+0  00000+0 0  9994
2 39166  55.3444 309.4872 0114509  41.6461 319.2877  2.00564236 75790
IRNSS-1A                
1 39199U 13034A   23262.67315378  .00000097  00000+0  00000+0 0  9991
2 39199  33.4597  78.4618 0020754 178.9466  38.3085  1.00270774 37608
NAVSTAR 69 (USA 248)    
1 39533U 14008A   23263.03338860  .00000030  00000+0  00000+0 0  9994
2 39533  53.5986 190.1116 0067149 215.6820 143.8865  2.00552554 70157
ASTRA 5B                
1 39617U 14011B   23263.00863797  .00000145  00000+0  00000+0 0  9997
2 39617   0.0993 296.9248 0003896 263.5719 184.7845  1.00274455 34831
COSMOS 2492             
1 39620U 14012A   23262.93737336 -.00000058  00000+0  00000+0 0  9996
2 39620  65.7631 347.7464 0011763 314.1143  45.8447  2.13103131 73906
IRNSS-1B                
1 39635U 14017A   23263.04630422  .00000119  00000+0  00000+0 0  9995
2 39635  28.6760 257.4000 0019212 190.5287 342.4454  1.00270332 34744
LUCH-5V                 
1 39727U 14023A   23263.05396221 -.00000261  00000+0  00000+0 0  9990
2 39727   2.6116  77.1903 0003136 136.7230 258.8984  1.00275904552473
NAVSTAR 70 (USA 251)    
1 39741U 14026A   23261.32045215 -.00000079  00000+0  00000+0 0  9998
2 39741  56.6979  10.4481 0029370 310.3866  49.3795  2.00556231 68425
COSMOS 2500             
1 40001U 14032A   23262.18194974 -.00000059  00000+0  00000+0 0  9996
2 40001  65.7014 347.5981 0008273 202.1216 157.8984  2.13105884 72105
NAVSTAR 71 (USA 256)    
1 40105U 14045A   23261.90184603  .00000032  00000+0  00000+0 0  9992
2 40105  54.8177 128.4900 0026414 113.7648 246.6101  2.00547967 66861
GSAT0201 (GALILEO 5)    
1 40128U 14050A   23261.35684387 -.00000052  00000+0  00000+0 0  9999
2 40128  49.9227 314.0062 1608390 140.9074 231.9106  1.85519294 61652
GSAT0202 (GALILEO 6)    
1 40129U 14050B   23261.61618024 -.00000049  00000+0  00000+0 0  9990
2 40129  49.9417 313.0676 1606339 141.7275 230.8623  1.85519971 61886
IRNSS-1C                
1 40269U 14061A   23263.03868721 -.00000152  00000+0  00000+0 0  9991
2 40269   4.0001 112.2351 0020806   3.4744 339.8534  1.00266598 32783
NAVSTAR 72 (USA 258)    
1 40294U 14068A   23260.78327979 -.00000004  00000+0  00000+0 0  9996
2 40294  56.1896  69.9332 0049129  62.2957 298.2336  2.00572727 65088
COSMOS 2501             
1 40315U 14075A   23261.96271845  .00000058  00000+0  00000+0 0  9997
2 40315  63.6392 225.1497 0019788 210.9262 148.9417  2.13101314 68496
NAVSTAR 73 (USA 260)    
1 40534U 15013A   23262.91467687  .00000053  00000+0  00000+0 0  9995
2 40534  53.4581 245.6443 0081132  25.5012 334.8861  2.00553668 62165
GSAT0203 (GALILEO 7)    
1 40544U 15017A   23259.98103701 -.00000085  00000+0  00000+0 0  9993
2 40544  56.9063   8.9289 0003241 227.1858 132.8032  1.70476798 52743
GSAT0204 (GALILEO 8)    
1 40545U 15017B   23263.16764989 -.00000078  00000+0  00000+0 0  9992
2 40545  56.9127   8.8568 0003932 215.0847 144.9135  1.70475744 52800
IRNSS-1D                
1 40547U 15018A   23262.71114747 -.00000268  00000+0  00000+0 0  9997
2 40547  28.0432 257.3739 0019533 190.0113 278.7172  1.00269088 31207
BEIDOU-3S IGSO-1S       
1 40549U 15019A   23262.74618241 -.00000135  00000+0  00000+0 0  9994
2 40549  51.0729 307.3916 0040760 196.6931 215.5491  1.00253203 31028
NAVSTAR 74 (USA 262)    
1 40730U 15033A   23263.07646661 -.00000022  00000+0  00000+0 0  9991
2 40730  54.8325 308.0920 0085740  13.9379 346.3636  2.00554409 59937
BEIDOU-3S M2S           
1 40748U 15037A   23261.29326652 -.00000073  00000+0  00000+0 0  9997
2 40748  55.6539 336.2954 0011766 242.6834 117.2610  1.86233132 55445
BEIDOU-3S M1S           
1 40749U 15037B   23262.10033377 -.00000072  00000+0  00000+0 0  9997
2 40749  55.6565 336.2542 0003715 297.0402  62.9858  1.86232920 55453
GSAT0205 (GALILEO 9)    
1 40889U 15045A   23261.17580122  .00000039  00000+0  00000+0 0  9994
2 40889  55.3575 249.3137 0003632 359.1746   0.8062  1.70473276 49915
GSAT0206 (GALILEO 10)   
1 40890U 15045B   23260.80989931  .00000038  00000+0  00000+0 0  9995
2 40890  55.3563 249.3193 0002490 328.2284  31.7377  1.70473280 49930
BEIDOU-3S IGSO-2S       
1 40938U 15053A   23262.39810669 -.00000105  00000+0  00000+0 0  9990
2 40938  50.7886 270.5698 0047629 194.9865 132.2178  1.00279891 29302
NAVSTAR 75 (USA 265)    
1 41019U 15062A   23262.63000645  .00000001  00000+0  00000+0 0  9997
2 41019  56.1747  69.7111 0089784 221.0868 138.2628  2.00562273 57745
GSAT-15                 
1 41028U 15065A   23262.48049552 -.00000250  00000+0  00000+0 0  9990
2 41028   0.0241 249.5334 0002134 267.5859 107.4877  1.00272011 28813
GSAT0209 (GALILEO 12)   
1 41174U 15079A   23262.15483442  .00000040  00000+0  00000+0 0  9997
2 41174  55.3052 128.7924 0002681 336.1748  23.9195  1.70474077 48278
GSAT0208 (GALILEO 11)   
1 41175U 15079B   23259.44155415  .00000035  00000+0  00000+0 0  9996
2 41175  55.3026 128.8651 0002198 346.7917  13.3155  1.70474070 48223
IRNSS-1E                
1 41241U 16003A   23262.70486441 -.00000280  00000+0  00000+0 0  9990
2 41241  31.0121  77.5615 0020826 176.1784 110.1812  1.00269374 28157
NAVSTAR 76 (USA 266)    
1 41328U 16007A   23261.22534568  .00000034  00000+0  00000+0 0  9996
2 41328  55.0212 129.2984 0071549 233.7325 125.7028  2.00575173 55769
COSMOS 2514             
1 41330U 16008A   23262.41339370 -.00000059  00000+0  00000+0 0  9994
2 41330  65.4986 347.1679 0012075 209.7320 150.2556  2.13102594 59270
IRNSS-1F                
1 41384U 16015A   23262.53993193  .00000168  00000+0  00000+0 0  9993
2 41384   2.9637 129.1006 0018926 176.7423 278.9516  1.00275829 27612
BEIDOU-2 IGSO-6         
1 41434U 16021A   23262.30184752 -.00000142  00000+0  00000+0 0  9997
2 41434  58.7761  48.1153 0047950 218.1668 297.0409  1.00280177 27423
IRNSS-1G                
1 41469U 16027A   23262.55933795 -.00000326  00000+0  00000+0 0  9991
2 41469   2.8532 130.7311 0002349   2.4095 195.9654  1.00271576 27120
GSAT0211 (GALILEO 14)   
1 41549U 16030A   23262.49534706  .00000045  00000+0  00000+0 0  9993
2 41549  55.5030 249.2549 0003985 312.5272  47.4234  1.70473350 45570
GSAT0210 (GALILEO 13)   
1 41550U 16030B   23261.02709226  .00000039  00000+0  00000+0 0  9997
2 41550  55.5033 249.2963 0004145 278.1526  81.7816  1.70473561 45563
COSMOS 2516             
1 41554U 16032A   23261.11990977  .00000052  00000+0  00000+0 0  9993
2 41554  63.8657 225.5837 0015351 214.3052 145.5768  2.13106411 56859
BEIDOU-2 G7             
1 41586U 16037A   23262.75877799 -.00000346  00000+0  00000+0 0  9997
2 41586   1.9050  68.6039 0007743 345.1130 328.2888  1.00278538 26743
EUTELSAT 117 WEST B     
1 41589U 16038B   23262.26786192 -.00000004  00000+0  00000+0 0  9994
2 41589   0.0296  31.9172 0000095 214.6774  90.7563  1.00271657 26652
GSAT0207 (GALILEO 15)   
1 41859U 16069A   23261.86209507  .00000039  00000+0  00000+0 0  9990
2 41859  54.9676 128.8686 0002365 314.4900  45.5984  1.70473987 42537
GSAT0212 (GALILEO 16)   
1 41860U 16069B   23261.71673328  .00000039  00000+0  00000+0 0  9992
2 41860  54.9652 128.8696 0002096   7.2467 352.8646  1.70474183 42561
GSAT0213 (GALILEO 17)   
1 41861U 16069C   23260.90974414  .00000039  00000+0  00000+0 0  9993
2 41861  54.9675 128.8980 0002227 274.6685  85.4169  1.70472933 42415
GSAT0214 (GALILEO 18)   
1 41862U 16069D   23261.05700209  .00000039  00000+0  00000+0 0  9990
2 41862  54.9655 128.8878 0001171 281.2231  78.8742  1.70472747 42548
SES-15                  
1 42709U 17026A   23262.58832444  .00000067  00000+0  00000+0 0  9992
2 42709   0.0364  21.5522 0000319 122.5662 296.7784  1.00268343 24142
QZS-2 (MICHIBIKI-2)     
1 42738U 17028A   23261.84344144 -.00000133  00000+0  00000+0 0  9994
2 42738  41.0215 257.6585 0750013 270.2752 273.8199  1.00261152 23088
QZS-3 (MICHIBIKI-3)     
1 42917U 17048A   23262.36785378 -.00000340  00000+0  00000+0 0  9991
2 42917   0.0540 172.2871 0001679   9.9365  75.2307  1.00275851 22329
COSMOS 2522             
1 42939U 17055A   23262.25505744  .00000062  00000+0  00000+0 0  9998
2 42939  64.0997 226.0741 0009414 243.3069 116.5823  2.13101999 46620
QZS-4 (MICHIBIKI-4)     
1 42965U 17062A   23261.63057456 -.00000301  00000+0  00000+0 0  9995
2 42965  40.6301 356.2652 0749426 269.5414  98.1150  1.00277159 21766
BEIDOU-3 M1             
1 43001U 17069A   23261.64074682  .00000028  00000+0  00000+0 0  9990
2 43001  55.8530  96.3488 0007422 300.2700  59.7301  1.86231653 39935
BEIDOU-3 M2             
1 43002U 17069B   23261.04056195  .00000028  00000+0  00000+0 0  9994
2 43002  55.8520  96.4043 0005844 334.6080  25.4396  1.86231204 39915
GSAT0215 (GALILEO 19)   
1 43055U 17079A   23261.54548718  .00000041  00000+0  00000+0 0  9990
2 43055  55.4799 249.1066 0003658 272.2003  87.7395  1.70474035 35899
GSAT0216 (GALILEO 20)   
1 43056U 17079B   23262.42398368  .00000044  00000+0  00000+0 0  9996
2 43056  55.4803 249.0823 0005195 278.9207  81.0043  1.70474128 35893
GSAT0217 (GALILEO 21)   
1 43057U 17079C   23262.64434528  .00000045  00000+0  00000+0 0  9991
2 43057  55.4778 249.0751 0004652 288.8460  71.0881  1.70474062 35912
GSAT0218 (GALILEO 22)   
1 43058U 17079D   23257.58514833  .00000032  00000+0  00000+0 0  9993
2 43058  55.4805 249.2121 0005718 273.6253  86.2981  1.70474203 35852
BEIDOU-3 M7             
1 43107U 18003A   23262.40218085 -.00000073  00000+0  00000+0 0  9999
2 43107  55.1096 336.9678 0003193  77.2917 282.8063  1.86232512 38701
BEIDOU-3 M8             
1 43108U 18003B   23261.80345491 -.00000074  00000+0  00000+0 0  9996
2 43108  55.1030 336.9752 0004286 245.4781 114.5401  1.86230945 38698
BEIDOU-3 M4             
1 43207U 18018A   23262.24571059  .00000028  00000+0  00000+0 0  9990
2 43207  55.8121  96.4269 0004534  17.4989 342.5880  1.86231539 38087
BEIDOU-3 M3             
1 43208U 18018B   23261.77542024  .00000028  00000+0  00000+0 0  9998
2 43208  55.8114  96.4472 0005403 318.5295  41.5026  1.86231485 38074
BEIDOU-3 M9             
1 43245U 18029A   23261.99820443 -.00000071  00000+0  00000+0 0  9998
2 43245  55.0037 334.7148 0001503 223.5609 136.4919  1.86232696 37237
BEIDOU-3 M10            
1 43246U 18029B   23260.85432328 -.00000073  00000+0  00000+0 0  9996
2 43246  55.0015 334.7821 0002759 350.5583   9.5017  1.86232963 37199
IRNSS-1I                
1 43286U 18035A   23262.11447862  .00000106  00000+0  00000+0 0  9993
2 43286  29.2827  89.9560 0019760 176.8351 187.3317  1.00276821 20027
COSMOS 2527             
1 43508U 18053A   23262.68307445  .00000049  00000+0  00000+0 0  9990
2 43508  65.0975 107.4349 0007398 215.9132 144.1176  2.13102421 40938
BEIDOU-2 IGSO-7         
1 43539U 18057A   23262.74065068 -.00000123  00000+0  00000+0 0  9991
2 43539  55.1187 171.7251 0064026 230.8132 336.2123  1.00279007 19112
GSAT0221 (GALILEO 25)   
1 43564U 18060A   23259.83127371 -.00000085  00000+0  00000+0 0  9992
2 43564  57.2861   8.8642 0002955 251.6027 108.3809  1.70476287 32045
GSAT0222 (GALILEO 26)   
1 43565U 18060B   23262.39572637 -.00000079  00000+0  00000+0 0  9990
2 43565  57.2906   8.7965 0003780 215.9830 144.0147  1.70475919 32138
GSAT0219 (GALILEO 23)   
1 43566U 18060C   23262.03145064 -.00000079  00000+0  00000+0 0  9992
2 43566  57.2895   8.8085 0002292 255.5390 104.4578  1.70476196 32101
GSAT0220 (GALILEO 24)   
1 43567U 18060D   23260.49211279 -.00000083  00000+0  00000+0 0  9998
2 43567  57.2892   8.8506 0002600 252.5216 107.4679  1.70476193 32061
BEIDOU-3 M5             
1 43581U 18062A   23262.14842545  .00000048  00000+0  00000+0 0  9996
2 43581  54.1750 216.4079 0004907 285.1650  74.7583  1.86231932 34973
BEIDOU-3 M6             
1 43582U 18062B   23262.01451221  .00000047  00000+0  00000+0 0  9999
2 43582  54.1747 216.4020 0005315   0.3036 359.6735  1.86229794 34972
BEIDOU-3 M12            
1 43602U 18067A   23262.48763150  .00000049  00000+0  00000+0 0  9997
2 43602  54.2622 215.0423 0007161  14.0206 345.9795  1.86231505 34463
BEIDOU-3 M11            
1 43603U 18067B   23263.15841127  .00000050  00000+0  00000+0 0  9996
2 43603  54.2592 214.9852 0004232 359.8986   0.0847  1.86231464 34501
BEIDOU-3 M13            
1 43622U 18072A   23259.89565511  .00000029  00000+0  00000+0 0  9995
2 43622  55.7802  96.0447 0004217 296.9701  63.0679  1.86231648 33954
BEIDOU-3 M14            
1 43623U 18072B   23262.44585218  .00000028  00000+0  00000+0 0  9996
2 43623  55.7840  95.9521 0002687 350.0724   9.9921  1.86231558 33997
BEIDOU-3 M16            
1 43647U 18078A   23262.07169032 -.00000071  00000+0  00000+0 0  9998
2 43647  54.8995 334.8328 0005912   6.6374 353.4349  1.86227317 33509
BEIDOU-3 M15            
1 43648U 18078B   23262.20191053 -.00000071  00000+0  00000+0 0  9992
2 43648  54.8950 334.8322 0002741  16.8305 343.2428  1.86232285 33526
BEIDOU-3 G1             
1 43683U 18085A   23262.36229959 -.00000269  00000+0  00000+0 0  9992
2 43683   1.5445 123.3831 0003040 352.4210 152.7225  1.00273920 18007
COSMOS 2529             
1 43687U 18086A   23262.78231359  .00000065  00000+0  00000+0 0  9993
2 43687  64.3150 226.4957 0011070 262.8842  96.9776  2.13102030 37944
BEIDOU-3 M17            
1 43706U 18093A   23262.34983258  .00000049  00000+0  00000+0 0  9999
2 43706  54.2575 216.3195 0009987 282.4018  77.4652  1.86232005 32862
BEIDOU-3 M18            
1 43707U 18093B   23262.21596466  .00000048  00000+0  00000+0 0  9996
2 43707  54.2582 216.3156 0008389 308.3462  51.5564  1.86229840 32873
NAVSTAR 77 (USA 289)    
1 43873U 18109A   23263.10522007  .00000028  00000+0  00000+0 0  9995
2 43873  55.1972 131.7424 0025955 190.4684 342.0507  2.00569457 34945
BEIDOU-3 IGSO-1         
1 44204U 19023A   23262.77757632 -.00000195  00000+0  00000+0 0  9992
2 44204  57.2434  48.0825 0024009 195.1107 155.1133  1.00277954 16312
BEIDOU-2 G8             
1 44231U 19027A   23262.87410719 -.00000241  00000+0  00000+0 0  9991
2 44231   1.9927  81.0481 0006634 132.1559 244.4161  1.00267041 16034
COSMOS 2534             
1 44299U 19030A   23263.07615296  .00000067  00000+0  00000+0 0  9994
2 44299  64.3876 226.4136 0013254 282.2824  77.2795  2.13101910 33596
BEIDOU-3 IGSO-2         
1 44337U 19035A   23261.70072406 -.00000123  00000+0  00000+0 0  9994
2 44337  55.1519 167.6668 0032849 196.3094   5.3321  1.00270311 15619
NAVSTAR 78 (USA 293)    
1 44506U 19056A   23262.01021472 -.00000078  00000+0  00000+0 0  9996
2 44506  55.8229  10.8613 0037383 185.7618 175.4493  2.00565931 29961
BEIDOU-3 M24            
1 44542U 19061A   23261.21365570  .00000041  00000+0  00000+0 0  9992
2 44542  54.4851 216.5903 0008471 342.2121  17.7305  1.86231529 27110
BEIDOU-3 M23            
1 44543U 19061B   23263.10952410  .00000052  00000+0  00000+0 0  9990
2 44543  54.4830 216.4958 0005882 327.8325 135.1174  1.86231813 27143
BEIDOU-3 IGSO-3         
1 44709U 19073A   23262.48166242 -.00000152  00000+0  00000+0 0  9999
2 44709  56.5090 291.5916 0035257 190.2643 169.7324  1.00277563 14391
BEIDOU-3 M22            
1 44793U 19078A   23261.59602101 -.00000072  00000+0  00000+0 0  9998
2 44793  54.7482 334.8148 0004756  15.7495 344.3300  1.86232289 25974
BEIDOU-3 M21            
1 44794U 19078B   23262.26350132 -.00000071  00000+0  00000+0 0  9997
2 44794  54.7216 334.7734 0002747   2.9833 357.0824  1.86232682 25993
COSMOS 2544             
1 44850U 19088A   23262.62682007  .00000049  00000+0  00000+0 0  9994
2 44850  65.0835 107.2794 0011191 250.3101 109.6497  2.13102166 29352
BEIDOU-3 M19            
1 44864U 19090A   23261.20993646  .00000028  00000+0  00000+0 0  9996
2 44864  55.7155  96.1873 0015284 274.8682 292.5968  1.86231899 25552
BEIDOU-3 M20            
1 44865U 19090B   23262.11716159  .00000027  00000+0  00000+0 0  9999
2 44865  55.7179  96.1898 0013082 290.0833 255.4157  1.86231809 25557
BEIDOU-3 G2             
1 45344U 20017A   23262.74979823 -.00000133  00000+0  00000+0 0  9990
2 45344   2.0578  16.9279 0003170 160.7013 170.7399  1.00271465 13238
COSMOS 2545             
1 45358U 20018A   23262.35436075 -.00000060  00000+0  00000+0 0  9999
2 45358  64.8388 347.4027 0010479 238.8157 121.1373  2.13102585 27314
BEIDOU-3 G3             
1 45807U 20040A   23262.81284840 -.00000346  00000+0  00000+0 0  9992
2 45807   0.6049 346.8668 0005935 327.7023  87.0494  1.00267716 12041
NAVSTAR 79 (USA 304)    
1 45854U 20041A   23261.52691984 -.00000006  00000+0  00000+0 0  9996
2 45854  55.8952  68.1641 0036759 186.5448 128.9886  2.00563263 23929
GALAXY 30 (G-30)        
1 46114U 20056C   23262.44144775  .00000045  00000+0  00000+0 0  9997
2 46114   0.0197 154.7686 0002105  20.8452 216.3902  1.00270189 11352
COSMOS 2547             
1 46805U 20075A   23262.54323932  .00000064  00000+0  00000+0 0  9991
2 46805  64.6151 225.9923 0008272 243.9725 115.9291  2.13102872 22560
NAVSTAR 80 (USA 309)    
1 46826U 20078A   23262.80664591  .00000052  00000+0  00000+0 0  9992
2 46826  54.3058 251.4360 0036178 195.0540 300.0455  2.00562755 21410
NAVSTAR 81 (USA 319)    
1 48859U 21054A   23261.37467652 -.00000079  00000+0  00000+0 0  9995
2 48859  55.3407  12.6654 0012602 212.2956 151.6015  2.00572970 16640
QZS-1R                  
1 49336U 21096A   23262.87410719 -.00000213  00000+0  00000+0 0  9990
2 49336  35.3831  94.6773 0744173 269.5850  83.1193  1.00287874  6960
GSAT0223 (GALILEO 27)   
1 49809U 21116A   23261.80065961 -.00000080  00000+0  00000+0 0  9997
2 49809  57.2806   8.7114 0003425 184.7489 348.6132  1.70476309 11080
GSAT0224 (GALILEO 28)   
1 49810U 21116B   23260.16048331 -.00000084  00000+0  00000+0 0  9993
2 49810  57.2808   8.7537 0002873 176.7344 182.4953  1.70476406 11083
COSMOS 2557             
1 52984U 22075A   23262.23665849 -.00000061  00000+0  00000+0 0  9998
2 52984  64.7560 349.5644 0012256 275.2283  84.6849  2.13102327  9344
COSMOS 2559             
1 54031U 22130A   23261.70942260 -.00000062  00000+0  00000+0 0  9992
2 54031  64.7275 349.7098 0007389 219.2710 140.7278  2.13101525  7326
COSMOS 2564             
1 54377U 22161A   23262.37170709  .00000063  00000+0  00000+0 0  9994
2 54377  64.7559 226.0537 0010529 225.7285 134.1714  2.13102165  6285
NAVSTAR 82 (USA 343)    
1 55268U 23009A   23262.59589436  .00000032  00000+0  00000+0 0  9997
2 55268  55.0881 187.8164 0004614  91.7836 114.4272  2.00554732  5148
BEIDOU-3 G4             
1 56564U 23066A   23261.96716149 -.00000105  00000+0  00000+0 0  9995
2 56564   2.8111 288.7403 0006768 214.6699   2.4186  1.00272766  1358
IRNSS-1J (NVS-01)       
1 56759U 23076A   23262.70081860 -.00000333  00000+0  00000+0 0  9993
2 56759   4.7032 271.7841 0006182 335.6132 132.6437  1.00266529  1165
